0 3.818100e-01 3.818100e-01 0.000000e+00 
1 9.205214e-01 9.205214e-01 0.000000e+00 
2 2.853309e-01 2.853309e-01 1.110223e-16 
3 7.952770e-01 7.952770e-01 1.110223e-16 
4 6.349649e-01 6.349649e-01 -2.220446e-16 
5 9.039595e-01 9.039595e-01 5.551115e-16 
6 3.385853e-01 3.385853e-01 -1.942890e-15 
7 8.733867e-01 8.733867e-01 -2.331468e-15 
8 4.312714e-01 4.312714e-01 6.827872e-15 
9 9.565779e-01 9.565779e-01 3.663736e-15 
10 1.619930e-01 1.619930e-01 -1.301736e-14 
11 5.294299e-01 5.294299e-01 -3.430589e-14 
12 9.716221e-01 9.716221e-01 7.882583e-15 
13 1.075330e-01 1.075330e-01 -2.918499e-14 
14 3.742816e-01 3.742816e-01 -8.931744e-14 
15 9.133600e-01 9.133600e-01 -8.759660e-14 
16 3.086207e-01 3.086207e-01 2.823297e-13 
17 8.321584e-01 8.321584e-01 4.214407e-13 
18 5.447160e-01 5.447160e-01 -1.091904e-12 
19 9.672019e-01 9.672019e-01 3.810285e-13 
20 1.237174e-01 1.237174e-01 -1.388625e-12 
21 4.228046e-01 4.228046e-01 -4.075629e-12 
22 9.517594e-01 9.517594e-01 -2.454148e-12 
23 1.790625e-01 1.790625e-01 8.647971e-12 
24 5.732966e-01 5.732966e-01 2.164857e-11 
25 9.540477e-01 9.540477e-01 -1.237632e-11 
26 1.709787e-01 1.709787e-01 4.383155e-11 
27 5.528054e-01 5.528054e-01 1.124879e-10 
28 9.641252e-01 9.641252e-01 -4.633183e-11 
29 1.348924e-01 1.348924e-01 1.677294e-10 
30 4.551163e-01 4.551163e-01 4.776662e-10 
31 9.671433e-01 9.671433e-01 1.672279e-10 
32 1.239310e-01 1.239310e-01 -6.093314e-10 
33 4.234313e-01 4.234313e-01 -1.787375e-09 
34 9.521352e-01 9.521352e-01 -1.067485e-09 
35 1.777377e-01 1.777377e-01 3.764651e-09 
36 5.699734e-01 5.699734e-01 9.462999e-09 
37 9.559045e-01 9.559045e-01 -5.164833e-09 
38 1.643891e-01 1.643891e-01 1.836643e-08 
39 5.357249e-01 5.357248e-01 4.807900e-08 
40 9.700226e-01 9.700226e-01 -1.339739e-08 
41 1.134073e-01 1.134072e-01 4.911720e-08 
42 3.921297e-01 3.921295e-01 1.481092e-07 
43 9.296196e-01 9.296194e-01 1.246174e-07 
44 2.551654e-01 2.551658e-01 -4.175970e-07 
45 7.412184e-01 7.412192e-01 -7.974885e-07 
46 7.480733e-01 7.480718e-01 1.500480e-06 
47 7.349926e-01 7.349955e-01 -2.903378e-06 
48 7.596360e-01 7.596307e-01 5.321758e-06 
49 7.120977e-01 7.121085e-01 -1.077730e-05 
50 7.995568e-01 7.995390e-01 1.783002e-05 
51 6.250363e-01 6.250779e-01 -4.165936e-05 
52 9.140271e-01 9.139865e-01 4.063643e-05 
53 3.064680e-01 3.065992e-01 -1.312253e-04 
54 8.289269e-01 8.291249e-01 -1.980240e-04 
55 5.530476e-01 5.525394e-01 5.082092e-04 
56 9.640252e-01 9.642345e-01 -2.092752e-04 
57 1.352544e-01 1.344967e-01 7.576206e-04 
58 4.561464e-01 4.539888e-01 2.157681e-03 
59 9.674998e-01 9.667436e-01 7.562085e-04 
60 1.226315e-01 1.253867e-01 -2.755283e-03 
61 4.196126e-01 4.276931e-01 -8.080498e-03 
62 9.497977e-01 9.546097e-01 -4.811998e-03 
63 1.859599e-01 1.689871e-01 1.697282e-02 
64 5.903775e-01 5.476788e-01 4.269864e-02 
65 9.431445e-01 9.661342e-01 -2.298978e-02 
66 2.091296e-01 1.276036e-01 8.152606e-02 
67 6.450383e-01 4.341515e-01 2.108868e-01 
68 8.929592e-01 9.580895e-01 -6.513026e-02 
69 3.727739e-01 1.566007e-01 2.161732e-01 
70 9.118727e-01 5.150999e-01 3.967728e-01 
71 3.134074e-01 9.741108e-01 -6.607033e-01 
72 8.392145e-01 9.835401e-02 7.408605e-01 
73 5.262407e-01 3.458539e-01 1.803867e-01 
74 9.723146e-01 8.823321e-01 8.998248e-02 
75 1.049839e-01 4.049065e-01 -2.999226e-01 
76 3.664529e-01 9.397332e-01 -5.732802e-01 
77 9.054442e-01 2.208754e-01 6.845688e-01 
78 3.338985e-01 6.711490e-01 -3.372505e-01 
79 8.674001e-01 8.607613e-01 6.638778e-03 
80 4.485670e-01 4.674200e-01 -1.885300e-02 
81 9.646831e-01 9.708603e-01 -6.177202e-03 
82 1.328715e-01 1.103332e-01 2.253826e-02 
83 4.493449e-01 3.828232e-01 6.652171e-02 
84 9.649928e-01 9.214514e-01 4.354142e-02 
85 1.317485e-01 2.822769e-01 -1.505285e-01 
86 4.461242e-01 7.901270e-01 -3.440028e-01 
87 9.636798e-01 6.467226e-01 3.169572e-01 
88 1.365039e-01 8.910426e-01 -7.545387e-01 
89 4.596953e-01 3.786341e-01 8.106119e-02 
90 9.686646e-01 9.175542e-01 5.111034e-02 
91 1.183788e-01 2.950290e-01 -1.766503e-01 
92 4.070244e-01 8.111489e-01 -4.041245e-01 
93 9.412866e-01 5.974267e-01 3.438599e-01 
94 2.155379e-01 9.379814e-01 -7.224435e-01 
95 6.594171e-01 2.268721e-01 4.325450e-01 
96 8.758861e-01 6.840645e-01 1.918216e-01 
97 4.239675e-01 8.428690e-01 -4.189015e-01 
98 9.524543e-01 5.165193e-01 4.359350e-01 
99 1.766118e-01 9.739357e-01 -7.973240e-01 
100 5.671382e-01 9.900117e-02 4.681370e-01 
101 9.574206e-01 3.478798e-01 6.095408e-01 
102 1.589889e-01 8.847518e-01 -7.257629e-01 
103 5.214745e-01 3.976676e-01 1.238069e-01 
104 9.732015e-01 9.341595e-01 3.904199e-02 
105 1.017133e-01 2.398715e-01 -1.381582e-01 
106 3.563341e-01 7.110994e-01 -3.547653e-01 
107 8.945045e-01 8.012045e-01 9.329996e-02 
108 3.680283e-01 6.211758e-01 -2.531475e-01 
109 9.070755e-01 9.177340e-01 -1.065850e-02 
110 3.287290e-01 2.944432e-01 3.428580e-02 
111 8.605984e-01 8.102110e-01 5.038738e-02 
112 4.678783e-01 5.996996e-01 -1.318213e-01 
113 9.709760e-01 9.362340e-01 3.474197e-02 
114 1.099084e-01 2.328296e-01 -1.229212e-01 
115 3.815314e-01 6.966180e-01 -3.150866e-01 
116 9.202642e-01 8.242313e-01 9.603289e-02 
117 2.861742e-01 5.650088e-01 -2.788346e-01 
118 7.966862e-01 9.585180e-01 -1.618319e-01 
119 6.317115e-01 1.550687e-01 4.766428e-01 
120 9.073431e-01 5.109873e-01 3.963558e-01 
121 3.278793e-01 9.745292e-01 -6.466499e-01 
122 8.594604e-01 9.680598e-02 7.626544e-01 
123 4.710742e-01 3.409949e-01 1.300793e-01 
124 9.717369e-01 8.763978e-01 9.533910e-02 
125 1.071109e-01 4.224664e-01 -3.153555e-01 
126 3.729888e-01 9.515553e-01 -5.785665e-01 
127 9.120858e-01 1.797813e-01 7.323045e-01 
128 3.127225e-01 5.750940e-01 -2.623715e-01 
129 8.382159e-01 9.530075e-01 -1.147916e-01 
130 5.288791e-01 1.746585e-01 3.542206e-01 
131 9.717474e-01 5.621964e-01 4.095510e-01 
132 1.070722e-01 9.599133e-01 -8.528411e-01 
133 3.728701e-01 1.500712e-01 2.227989e-01 
134 9.119681e-01 4.974444e-01 4.145237e-01 
135 3.131008e-01 9.749745e-01 -6.618738e-01 
136 8.387678e-01 9.515687e-02 7.436110e-01 
137 5.274218e-01 3.357979e-01 1.916238e-01 
138 9.720674e-01 8.698470e-01 1.022204e-01 
139 1.058943e-01 4.415315e-01 -3.356372e-01 
140 3.692548e-01 9.616676e-01 -5.924129e-01 
141 9.083322e-01 1.437658e-01 7.645664e-01 
142 3.247329e-01 4.800790e-01 -1.553460e-01 
143 8.551976e-01 9.734523e-01 -1.182546e-01 
144 4.829551e-01 1.007874e-01 3.821676e-01 
145 9.738669e-01 3.534543e-01 6.204126e-01 
146 9.925551e-02 8.912450e-01 -7.919895e-01 
147 3.486750e-01 3.780166e-01 -2.934161e-02 
148 8.856929e-01 9.169682e-01 -3.127530e-02 
149 3.948398e-01 2.969362e-01 9.790353e-02 
