0 3.818100e-01 3.818100e-01 0.000000e+00 
1 9.205214e-01 9.205214e-01 0.000000e+00 
2 2.853309e-01 2.853309e-01 0.000000e+00 
3 7.952770e-01 7.952770e-01 0.000000e+00 
4 6.349649e-01 6.349649e-01 0.000000e+00 
5 9.039595e-01 9.039595e-01 0.000000e+00 
6 3.385853e-01 3.385853e-01 0.000000e+00 
7 8.733867e-01 8.733867e-01 0.000000e+00 
8 4.312714e-01 4.312714e-01 0.000000e+00 
9 9.565779e-01 9.565779e-01 0.000000e+00 
10 1.619930e-01 1.619930e-01 0.000000e+00 
11 5.294299e-01 5.294299e-01 0.000000e+00 
12 9.716221e-01 9.716221e-01 0.000000e+00 
13 1.075330e-01 1.075330e-01 0.000000e+00 
14 3.742816e-01 3.742816e-01 0.000000e+00 
15 9.133600e-01 9.133600e-01 0.000000e+00 
16 3.086207e-01 3.086207e-01 0.000000e+00 
17 8.321584e-01 8.321584e-01 0.000000e+00 
18 5.447160e-01 5.447160e-01 0.000000e+00 
19 9.672019e-01 9.672019e-01 0.000000e+00 
20 1.237174e-01 1.237174e-01 0.000000e+00 
21 4.228046e-01 4.228046e-01 0.000000e+00 
22 9.517594e-01 9.517594e-01 0.000000e+00 
23 1.790625e-01 1.790625e-01 0.000000e+00 
24 5.732966e-01 5.732966e-01 0.000000e+00 
25 9.540477e-01 9.540477e-01 0.000000e+00 
26 1.709787e-01 1.709787e-01 0.000000e+00 
27 5.528054e-01 5.528054e-01 0.000000e+00 
28 9.641252e-01 9.641252e-01 0.000000e+00 
29 1.348924e-01 1.348924e-01 0.000000e+00 
30 4.551163e-01 4.551163e-01 0.000000e+00 
31 9.671433e-01 9.671433e-01 0.000000e+00 
32 1.239310e-01 1.239310e-01 0.000000e+00 
33 4.234313e-01 4.234313e-01 0.000000e+00 
34 9.521352e-01 9.521352e-01 0.000000e+00 
35 1.777377e-01 1.777377e-01 0.000000e+00 
36 5.699734e-01 5.699734e-01 0.000000e+00 
37 9.559045e-01 9.559045e-01 0.000000e+00 
38 1.643891e-01 1.643891e-01 0.000000e+00 
39 5.357249e-01 5.357249e-01 0.000000e+00 
40 9.700226e-01 9.700226e-01 0.000000e+00 
41 1.134073e-01 1.134073e-01 0.000000e+00 
42 3.921297e-01 3.921297e-01 0.000000e+00 
43 9.296196e-01 9.296196e-01 0.000000e+00 
44 2.551654e-01 2.551654e-01 0.000000e+00 
45 7.412184e-01 7.412184e-01 0.000000e+00 
46 7.480733e-01 7.480733e-01 0.000000e+00 
47 7.349926e-01 7.349926e-01 0.000000e+00 
48 7.596360e-01 7.596360e-01 0.000000e+00 
49 7.120977e-01 7.120977e-01 0.000000e+00 
50 7.995568e-01 7.995568e-01 0.000000e+00 
51 6.250363e-01 6.250363e-01 0.000000e+00 
52 9.140271e-01 9.140271e-01 0.000000e+00 
53 3.064680e-01 3.064680e-01 0.000000e+00 
54 8.289269e-01 8.289269e-01 0.000000e+00 
55 5.530476e-01 5.530476e-01 0.000000e+00 
56 9.640252e-01 9.640252e-01 0.000000e+00 
57 1.352544e-01 1.352544e-01 0.000000e+00 
58 4.561464e-01 4.561464e-01 0.000000e+00 
59 9.674998e-01 9.674998e-01 0.000000e+00 
60 1.226315e-01 1.226315e-01 0.000000e+00 
61 4.196126e-01 4.196126e-01 0.000000e+00 
62 9.497977e-01 9.497977e-01 0.000000e+00 
63 1.859599e-01 1.859599e-01 0.000000e+00 
64 5.903775e-01 5.903775e-01 0.000000e+00 
65 9.431445e-01 9.431445e-01 0.000000e+00 
66 2.091296e-01 2.091296e-01 0.000000e+00 
67 6.450383e-01 6.450383e-01 0.000000e+00 
68 8.929592e-01 8.929592e-01 0.000000e+00 
69 3.727739e-01 3.727739e-01 0.000000e+00 
70 9.118727e-01 9.118727e-01 0.000000e+00 
71 3.134074e-01 3.134074e-01 0.000000e+00 
72 8.392145e-01 8.392145e-01 0.000000e+00 
73 5.262407e-01 5.262407e-01 0.000000e+00 
74 9.723146e-01 9.723146e-01 0.000000e+00 
75 1.049839e-01 1.049839e-01 0.000000e+00 
76 3.664529e-01 3.664529e-01 0.000000e+00 
77 9.054442e-01 9.054442e-01 0.000000e+00 
78 3.338985e-01 3.338985e-01 0.000000e+00 
79 8.674001e-01 8.674001e-01 0.000000e+00 
80 4.485670e-01 4.485670e-01 0.000000e+00 
81 9.646831e-01 9.646831e-01 0.000000e+00 
82 1.328715e-01 1.328715e-01 0.000000e+00 
83 4.493449e-01 4.493449e-01 0.000000e+00 
84 9.649928e-01 9.649928e-01 0.000000e+00 
85 1.317485e-01 1.317485e-01 0.000000e+00 
86 4.461242e-01 4.461242e-01 0.000000e+00 
87 9.636798e-01 9.636798e-01 0.000000e+00 
88 1.365039e-01 1.365039e-01 0.000000e+00 
89 4.596953e-01 4.596953e-01 0.000000e+00 
90 9.686646e-01 9.686646e-01 0.000000e+00 
91 1.183788e-01 1.183788e-01 0.000000e+00 
92 4.070244e-01 4.070244e-01 0.000000e+00 
93 9.412866e-01 9.412866e-01 0.000000e+00 
94 2.155379e-01 2.155379e-01 0.000000e+00 
95 6.594171e-01 6.594171e-01 0.000000e+00 
96 8.758861e-01 8.758861e-01 0.000000e+00 
97 4.239675e-01 4.239675e-01 0.000000e+00 
98 9.524543e-01 9.524543e-01 0.000000e+00 
99 1.766118e-01 1.766118e-01 0.000000e+00 
100 5.671382e-01 5.671382e-01 0.000000e+00 
101 9.574206e-01 9.574206e-01 0.000000e+00 
102 1.589889e-01 1.589889e-01 0.000000e+00 
103 5.214745e-01 5.214745e-01 0.000000e+00 
104 9.732015e-01 9.732015e-01 0.000000e+00 
105 1.017133e-01 1.017133e-01 0.000000e+00 
106 3.563341e-01 3.563341e-01 0.000000e+00 
107 8.945045e-01 8.945045e-01 0.000000e+00 
108 3.680283e-01 3.680283e-01 0.000000e+00 
109 9.070755e-01 9.070755e-01 0.000000e+00 
110 3.287290e-01 3.287290e-01 0.000000e+00 
111 8.605984e-01 8.605984e-01 0.000000e+00 
112 4.678783e-01 4.678783e-01 0.000000e+00 
113 9.709760e-01 9.709760e-01 0.000000e+00 
114 1.099084e-01 1.099084e-01 0.000000e+00 
115 3.815314e-01 3.815314e-01 0.000000e+00 
116 9.202642e-01 9.202642e-01 0.000000e+00 
117 2.861742e-01 2.861742e-01 0.000000e+00 
118 7.966862e-01 7.966862e-01 0.000000e+00 
119 6.317115e-01 6.317115e-01 0.000000e+00 
120 9.073431e-01 9.073431e-01 0.000000e+00 
121 3.278793e-01 3.278793e-01 0.000000e+00 
122 8.594604e-01 8.594604e-01 0.000000e+00 
123 4.710742e-01 4.710742e-01 0.000000e+00 
124 9.717369e-01 9.717369e-01 0.000000e+00 
125 1.071109e-01 1.071109e-01 0.000000e+00 
126 3.729888e-01 3.729888e-01 0.000000e+00 
127 9.120858e-01 9.120858e-01 0.000000e+00 
128 3.127225e-01 3.127225e-01 0.000000e+00 
129 8.382159e-01 8.382159e-01 0.000000e+00 
130 5.288791e-01 5.288791e-01 0.000000e+00 
131 9.717474e-01 9.717474e-01 0.000000e+00 
132 1.070722e-01 1.070722e-01 0.000000e+00 
133 3.728701e-01 3.728701e-01 0.000000e+00 
134 9.119681e-01 9.119681e-01 0.000000e+00 
135 3.131008e-01 3.131008e-01 0.000000e+00 
136 8.387678e-01 8.387678e-01 0.000000e+00 
137 5.274218e-01 5.274218e-01 0.000000e+00 
138 9.720674e-01 9.720674e-01 0.000000e+00 
139 1.058943e-01 1.058943e-01 0.000000e+00 
140 3.692548e-01 3.692548e-01 0.000000e+00 
141 9.083322e-01 9.083322e-01 0.000000e+00 
142 3.247329e-01 3.247329e-01 0.000000e+00 
143 8.551976e-01 8.551976e-01 0.000000e+00 
144 4.829551e-01 4.829551e-01 0.000000e+00 
145 9.738669e-01 9.738669e-01 0.000000e+00 
146 9.925551e-02 9.925551e-02 0.000000e+00 
147 3.486750e-01 3.486750e-01 0.000000e+00 
148 8.856929e-01 8.856929e-01 0.000000e+00 
149 3.948398e-01 3.948398e-01 0.000000e+00 
