1.000000e+00 1.952492e+00 -1.000000e+00 4.762462e-01 -1.020492e-01 9.719280e-01 
9.090909e-01 1.713256e+00 -9.328582e-01 3.901988e-01 -6.827898e-02 7.831798e-01 
8.264463e-01 1.508842e+00 -8.684856e-01 3.201782e-01 -4.584741e-02 6.339144e-01 
7.513148e-01 1.333138e+00 -8.070410e-01 2.630487e-01 -3.087628e-02 5.149844e-01 
6.830135e-01 1.181301e+00 -7.486314e-01 2.163347e-01 -2.084470e-02 4.196313e-01 
6.209213e-01 1.049452e+00 -6.933170e-01 1.780674e-01 -1.410079e-02 3.427830e-01 
5.644739e-01 9.344604e-01 -6.411163e-01 1.466720e-01 -9.554681e-03 2.805807e-01 
5.131581e-01 8.337764e-01 -5.920122e-01 1.208821e-01 -6.483185e-03 2.300523e-01 
4.665074e-01 7.453066e-01 -5.459573e-01 9.967467e-02 -4.404090e-03 1.888850e-01 
4.240976e-01 6.673201e-01 -5.028793e-01 8.222041e-02 -2.994564e-03 1.552618e-01 
3.855433e-01 5.983756e-01 -4.626859e-01 6.784482e-02 -2.037744e-03 1.277442e-01 
3.504939e-01 5.372651e-01 -4.252694e-01 5.599785e-02 -1.387540e-03 1.051853e-01 
3.186308e-01 4.829704e-01 -3.905106e-01 4.622992e-02 -9.453067e-04 8.666582e-02 
2.896644e-01 4.346281e-01 -3.582823e-01 3.817291e-02 -6.443046e-04 7.144480e-02 
2.633313e-01 3.915022e-01 -3.284524e-01 3.152490e-02 -4.393066e-04 5.892279e-02 
2.393920e-01 3.529623e-01 -3.008864e-01 2.603796e-02 -2.996228e-04 4.861304e-02 
2.176291e-01 3.184662e-01 -2.754497e-01 2.150828e-02 -2.044043e-04 4.011915e-02 
1.978447e-01 2.875452e-01 -2.520089e-01 1.776814e-02 -1.394743e-04 3.311752e-02 
1.798588e-01 2.597926e-01 -2.304337e-01 1.467942e-02 -9.518584e-05 2.734337e-02 
1.635080e-01 2.348543e-01 -2.105976e-01 1.212835e-02 -6.496977e-05 2.257977e-02 
1.486436e-01 2.124210e-01 -1.923788e-01 1.002110e-02 -4.435073e-05 1.864864e-02 
1.351306e-01 1.922215e-01 -1.756608e-01 8.280317e-03 -3.027832e-05 1.540368e-02 
1.228460e-01 1.740172e-01 -1.603329e-01 6.842153e-03 -2.067270e-05 1.272457e-02 
1.116782e-01 1.575981e-01 -1.462902e-01 5.653931e-03 -1.411533e-05 1.051226e-02 
1.015256e-01 1.427783e-01 -1.334340e-01 4.672165e-03 -9.638476e-06 8.685139e-03 
9.229600e-02 1.293933e-01 -1.216714e-01 3.860948e-03 -6.581807e-06 7.175974e-03 
8.390545e-02 1.172969e-01 -1.109156e-01 3.190630e-03 -4.494671e-06 5.929309e-03 
7.627768e-02 1.063591e-01 -1.010857e-01 2.636723e-03 -3.069475e-06 4.899403e-03 
6.934335e-02 9.646416e-02 -9.210615e-02 2.179000e-03 -2.096240e-06 4.048512e-03 
6.303941e-02 8.750857e-02 -8.390707e-02 1.800752e-03 -1.431618e-06 3.345480e-03 
5.730855e-02 7.939989e-02 -7.642355e-02 1.488173e-03 -9.777342e-07 2.764588e-03 
5.209868e-02 7.205533e-02 -6.959561e-02 1.229860e-03 -6.677603e-07 2.284598e-03 
4.736244e-02 6.540065e-02 -6.336788e-02 1.016389e-03 -4.560637e-07 1.887971e-03 
4.305676e-02 5.936923e-02 -5.768928e-02 8.399748e-04 -3.114832e-07 1.560220e-03 
3.914251e-02 5.390117e-02 -5.251280e-02 6.941829e-04 -2.127391e-07 1.289379e-03 
3.558410e-02 4.894261e-02 -4.779522e-02 5.736972e-04 -1.452991e-07 1.065562e-03 
3.234918e-02 4.444506e-02 -4.349681e-02 4.741247e-04 -9.923861e-08 8.806024e-04 
2.940835e-02 4.036481e-02 -3.958114e-02 3.918351e-04 -6.777985e-08 7.277518e-04 
2.673486e-02 3.666244e-02 -3.601478e-02 3.238282e-04 -4.629372e-08 6.014349e-04 
2.430442e-02 3.330238e-02 -3.276713e-02 2.676250e-04 -3.161877e-08 4.970449e-04 
2.209493e-02 3.025252e-02 -2.981017e-02 2.211765e-04 -2.159578e-08 4.107749e-04 
2.008630e-02 2.748382e-02 -2.711824e-02 1.827897e-04 -1.475007e-08 3.394793e-04 
1.826027e-02 2.497004e-02 -2.466791e-02 1.510654e-04 -1.007440e-08 2.805586e-04 
1.660025e-02 2.268744e-02 -2.243775e-02 1.248471e-04 -6.880906e-09 2.318647e-04 
1.509113e-02 2.061455e-02 -2.040819e-02 1.031791e-04 -4.699733e-09 1.916224e-04 
1.371921e-02 1.873191e-02 -1.856136e-02 8.527184e-05 -3.209962e-09 1.583647e-04 
1.247201e-02 1.702191e-02 -1.688097e-02 7.047248e-05 -2.192472e-09 1.308793e-04 
1.133819e-02 1.546861e-02 -1.535212e-02 5.824164e-05 -1.497472e-09 1.081643e-04 
1.030745e-02 1.405753e-02 -1.396126e-02 4.813354e-05 -1.022810e-09 8.939173e-05 
9.370406e-03 1.277558e-02 -1.269602e-02 3.977974e-05 -6.985434e-10 7.387727e-05 
8.518551e-03 1.161086e-02 -1.154511e-02 3.287580e-05 -4.771499e-10 6.105546e-05 
7.744138e-03 1.055260e-02 -1.049826e-02 2.717006e-05 -3.258824e-10 5.045897e-05 
7.040125e-03 9.591016e-03 -9.546107e-03 2.245459e-05 -2.226002e-10 4.170156e-05 
6.400114e-03 8.717244e-03 -8.680129e-03 1.855750e-05 -1.520357e-10 3.446406e-05 
5.818285e-03 7.923228e-03 -7.892555e-03 1.533677e-05 -1.039053e-10 2.848267e-05 
5.289350e-03 7.201664e-03 -7.176314e-03 1.267501e-05 -7.098100e-11 2.353937e-05 
4.808500e-03 6.545917e-03 -6.524967e-03 1.047522e-05 -4.841949e-11 1.945401e-05 
4.371364e-03 5.949966e-03 -5.932652e-03 8.657202e-06 -3.312461e-11 1.607769e-05 
3.973967e-03 5.408343e-03 -5.394034e-03 7.154711e-06 -2.260103e-11 1.328734e-05 
3.612697e-03 4.916083e-03 -4.904257e-03 5.912983e-06 -1.545120e-11 1.098127e-05 
3.284270e-03 4.468677e-03 -4.458903e-03 4.886763e-06 -1.052891e-11 9.075425e-06 
2.985700e-03 4.062029e-03 -4.053952e-03 4.038646e-06 -7.157386e-12 7.500350e-06 
2.714273e-03 3.692419e-03 -3.685744e-03 3.337724e-06 -5.047518e-12 6.198635e-06 
2.467521e-03 3.356469e-03 -3.350952e-03 2.758449e-06 -3.468337e-12 5.122838e-06 
2.243201e-03 3.051107e-03 -3.046548e-03 2.279710e-06 -2.192913e-12 4.233750e-06 
2.039273e-03 2.773545e-03 -2.769777e-03 1.884058e-06 -1.496581e-12 3.498966e-06 
1.853885e-03 2.521249e-03 -2.518135e-03 1.557073e-06 -1.108003e-12 2.891707e-06 
1.685350e-03 2.291915e-03 -2.289342e-03 1.286837e-06 -6.585843e-13 2.389840e-06 
1.532136e-03 2.083453e-03 -2.081326e-03 1.063501e-06 -5.533352e-13 1.975075e-06 
1.392851e-03 1.893960e-03 -1.892202e-03 8.789268e-07 -4.174439e-13 1.632293e-06 
1.266228e-03 1.721709e-03 -1.720257e-03 7.263857e-07 -2.629008e-13 1.349002e-06 
1.151117e-03 1.565130e-03 -1.563930e-03 6.003189e-07 -1.549871e-13 1.114878e-06 
1.046470e-03 1.422796e-03 -1.421804e-03 4.961313e-07 -1.545430e-13 9.213869e-07 
9.513361e-04 1.293410e-03 -1.292590e-03 4.100258e-07 -1.048051e-13 7.614767e-07 
8.648510e-04 1.175793e-03 -1.175116e-03 3.388644e-07 8.615331e-14 6.293195e-07 
7.862282e-04 1.068875e-03 -1.068315e-03 2.800531e-07 -2.087219e-14 5.200989e-07 
7.147529e-04 9.716814e-04 -9.712185e-04 2.314488e-07 -2.420286e-13 4.298337e-07 
6.497754e-04 8.833276e-04 -8.829450e-04 1.912801e-07 4.796163e-14 3.552345e-07 
5.907049e-04 8.030093e-04 -8.026931e-04 1.580825e-07 -5.213607e-13 2.935818e-07 
5.370044e-04 7.299954e-04 -7.297341e-04 1.306469e-07 1.874056e-13 2.426301e-07 
4.881859e-04 6.636213e-04 -6.634054e-04 1.079727e-07 1.532108e-13 2.005205e-07 
4.438053e-04 6.032832e-04 -6.031047e-04 8.923298e-08 -1.060041e-12 1.657195e-07 
4.034594e-04 5.484319e-04 -5.482844e-04 7.374673e-08 -2.260414e-13 1.369580e-07 
3.667813e-04 4.985684e-04 -4.984465e-04 6.094797e-08 1.323386e-13 1.131888e-07 
3.334375e-04 4.532389e-04 -4.531382e-04 5.036999e-08 4.756195e-13 9.354471e-08 
3.031250e-04 4.120312e-04 -4.119480e-04 4.162811e-08 7.638334e-14 7.730929e-08 
2.755682e-04 3.745704e-04 -3.745016e-04 3.440307e-08 1.740830e-13 6.389114e-08 
2.505165e-04 3.405157e-04 -3.404588e-04 2.843215e-08 -5.373479e-13 5.280353e-08 
2.277423e-04 3.095574e-04 -3.095104e-04 2.349856e-08 1.176392e-12 4.363946e-08 
2.070385e-04 2.814139e-04 -2.813750e-04 1.941875e-08 -1.894040e-12 3.606487e-08 
1.882168e-04 2.558292e-04 -2.557971e-04 1.604988e-08 6.621370e-13 2.980601e-08 
1.711062e-04 2.325706e-04 -2.325441e-04 1.326454e-08 1.172840e-12 2.463351e-08 
1.555511e-04 2.114268e-04 -2.114048e-04 1.096099e-08 -7.949197e-13 2.035620e-08 
1.414101e-04 1.922052e-04 -1.921871e-04 9.059601e-09 -3.330669e-14 1.682545e-08 
1.285546e-04 1.747313e-04 -1.747163e-04 7.485772e-09 -1.524558e-12 1.390469e-08 
1.168678e-04 1.588460e-04 -1.588336e-04 6.187578e-09 -6.035172e-13 1.149119e-08 
1.062435e-04 1.444050e-04 -1.443947e-04 5.114479e-09 3.463896e-13 9.499215e-09 
9.658497e-05 1.312768e-04 -1.312684e-04 4.227500e-09 8.690826e-13 7.849013e-09 
8.780452e-05 1.193422e-04 -1.193352e-04 3.489535e-09 -5.758949e-12 6.484780e-09 
7.982229e-05 1.084926e-04 -1.084869e-04 2.883623e-09 -4.747314e-12 5.357780e-09 
7.256572e-05 9.862942e-05 -9.862465e-05 2.387640e-09 3.969269e-12 4.431223e-09 
6.596883e-05 8.966291e-05 -8.965897e-05 1.970268e-09 -4.671818e-13 3.662355e-09 
5.997167e-05 8.151158e-05 -8.150831e-05 1.631659e-09 9.414691e-14 3.029085e-09 
5.451970e-05 7.410130e-05 -7.409860e-05 1.346937e-09 -4.614087e-13 2.503596e-09 
4.956336e-05 6.736471e-05 -6.736248e-05 1.112348e-09 1.303846e-12 2.065951e-09 
4.505760e-05 6.124056e-05 -6.123871e-05 9.214993e-10 4.888090e-12 1.708574e-09 
4.096145e-05 5.567315e-05 -5.567163e-05 7.598602e-10 9.459100e-13 1.410358e-09 
3.723769e-05 5.061190e-05 -5.061063e-05 6.335554e-10 9.438228e-12 1.171068e-09 
3.385244e-05 4.601076e-05 -4.600972e-05 5.154899e-10 -5.965894e-12 9.587033e-10 
3.077495e-05 4.182791e-05 -4.182706e-05 4.249729e-10 -7.933654e-12 7.939747e-10 
2.797722e-05 3.802535e-05 -3.802463e-05 3.564296e-10 3.250289e-12 6.557537e-10 
2.543384e-05 3.456848e-05 -3.456788e-05 3.024612e-10 1.436185e-11 5.518976e-10 
2.312167e-05 3.142586e-05 -3.142536e-05 2.492064e-10 1.392531e-11 4.495040e-10 
2.101970e-05 2.856893e-05 -2.856854e-05 1.973488e-10 -5.120793e-12 3.648579e-10 
1.910882e-05 2.597175e-05 -2.597141e-05 1.709397e-10 2.449596e-12 3.070602e-10 
1.737166e-05 2.361068e-05 -2.361040e-05 1.430518e-10 1.097122e-11 2.599161e-10 
1.579241e-05 2.146422e-05 -2.146401e-05 1.021498e-10 -1.033174e-11 1.985629e-10 
1.435674e-05 1.951295e-05 -1.951274e-05 1.049623e-10 2.247535e-11 1.712457e-10 
1.305158e-05 1.773901e-05 -1.773888e-05 6.629675e-11 -2.160272e-11 1.294875e-10 
1.186507e-05 1.612634e-05 -1.612624e-05 5.098499e-11 -8.276047e-12 1.044542e-10 
1.078643e-05 1.466031e-05 -1.466022e-05 4.162848e-11 -2.974065e-12 8.279954e-11 
9.805847e-06 1.332757e-05 -1.332748e-05 4.780443e-11 1.761213e-11 1.027973e-10 
8.914406e-06 1.211598e-05 -1.211587e-05 5.459766e-11 3.384093e-11 7.594814e-11 
8.104005e-06 1.101454e-05 -1.101444e-05 5.459810e-11 3.633183e-11 6.242651e-11 
7.367278e-06 1.001317e-05 -1.001313e-05 2.445910e-11 4.365841e-12 4.598677e-11 
6.697525e-06 9.102853e-06 -9.102846e-06 3.361755e-12 -2.164047e-12 4.125100e-11 
6.088659e-06 8.275348e-06 -8.275322e-06 1.330758e-11 -2.923883e-11 5.498579e-11 
5.535145e-06 7.523024e-06 -7.523063e-06 -1.951328e-11 -4.625678e-11 -1.378275e-11 
5.031950e-06 6.839096e-06 -6.839111e-06 -7.478906e-12 -5.160583e-11 1.143263e-11 
4.574500e-06 6.217427e-06 -6.217363e-06 3.223599e-11 3.223599e-11 2.530154e-11 
4.158636e-06 5.652241e-06 -5.652148e-06 4.679812e-11 2.899991e-11 3.917000e-11 
3.780578e-06 5.138328e-06 -5.138298e-06 1.476197e-11 -4.815703e-12 3.154277e-11 
3.436889e-06 4.671248e-06 -4.671206e-06 2.063549e-11 3.140288e-11 -1.628209e-11 
3.124445e-06 4.246500e-06 -4.246562e-06 -3.104939e-11 -4.289369e-11 4.001777e-11 
2.840404e-06 3.860621e-06 -3.860428e-06 9.687140e-11 1.489870e-10 7.453638e-11 
2.582186e-06 3.509716e-06 -3.509553e-06 8.123724e-11 1.099005e-10 8.123724e-11 
2.347442e-06 3.190586e-06 -3.190458e-06 6.403900e-11 1.113341e-10 5.052625e-11 
2.134038e-06 2.900460e-06 -2.900483e-06 -1.163292e-11 -6.365752e-11 -2.649703e-11 
1.940034e-06 2.636737e-06 -2.636843e-06 -5.325207e-11 -5.325207e-11 1.215028e-11 
1.763668e-06 2.397024e-06 -2.396971e-06 2.686562e-11 -1.510081e-11 4.485123e-11 
1.603334e-06 2.179017e-06 -2.179240e-06 -1.116236e-10 -2.270308e-10 -3.248646e-11 
1.457577e-06 1.981116e-06 -1.981201e-06 -4.237855e-11 -9.315793e-11 -2.061595e-11 
1.325070e-06 1.801022e-06 -1.800771e-06 1.251936e-10 1.251936e-10 5.337686e-11 
1.204609e-06 1.637170e-06 -1.637255e-06 -4.237810e-11 -1.165690e-11 3.662004e-11 
1.095099e-06 1.488158e-06 -1.488390e-06 -1.161093e-10 -2.174905e-10 -2.921130e-11 
9.955444e-07 1.353078e-06 -1.353270e-06 -9.583312e-11 -5.866019e-11 -9.583312e-11 
9.050404e-07 1.230095e-06 -1.230197e-06 -5.122525e-11 -2.147864e-10 -5.122525e-11 
8.227640e-07 1.118268e-06 -1.118468e-06 -1.002931e-10 -1.033440e-11 -1.002931e-10 
7.479673e-07 1.016200e-06 -1.016725e-06 -2.622191e-10 -1.137872e-10 -3.046279e-10 
6.799702e-07 9.241725e-07 -9.241032e-07 3.464518e-11 3.464518e-11 -5.865486e-11 
6.181548e-07 8.398571e-07 -8.405063e-07 -3.245599e-10 -2.646923e-10 -3.245599e-10 
5.619589e-07 7.639929e-07 -7.635644e-07 2.142486e-10 4.118115e-10 1.013554e-10 
5.108717e-07 6.950039e-07 -6.949706e-07 1.668576e-11 -5.575407e-11 -1.074967e-10 
4.644288e-07 6.305905e-07 -6.306440e-07 -2.677769e-11 -2.677769e-11 4.152279e-11 
4.222080e-07 5.734094e-07 -5.741323e-07 -3.614495e-10 -9.849321e-11 -3.614495e-10 
3.838255e-07 5.223959e-07 -5.212255e-07 5.851941e-10 7.780283e-10 8.933343e-11 
3.489323e-07 4.735701e-07 -4.745981e-07 -5.139635e-10 -3.018452e-10 -9.685026e-10 
3.172111e-07 4.308071e-07 -4.315805e-07 -3.866925e-10 -3.866925e-10 1.330180e-11 
2.883738e-07 3.924477e-07 -3.914011e-07 5.232947e-10 9.082894e-10 3.032978e-10 
2.621580e-07 3.562582e-07 -3.569056e-07 -3.236931e-10 9.980106e-11 -3.236931e-10 
2.383254e-07 3.249196e-07 -3.235342e-07 6.926926e-10 1.158536e-09 2.720224e-11 
2.166595e-07 2.960373e-07 -2.942793e-07 8.790302e-10 1.391458e-09 1.469904e-10 
1.969632e-07 2.665215e-07 -2.678380e-07 -6.582526e-10 -2.824723e-10 -1.751066e-10 
1.790574e-07 2.428474e-07 -2.432620e-07 -2.073159e-10 -4.139951e-10 -3.844693e-10 
1.627795e-07 2.210220e-07 -2.209406e-07 4.069900e-11 4.069900e-11 -3.490386e-10 
1.479813e-07 1.986511e-07 -2.004794e-07 -9.141581e-10 -1.914485e-09 -6.998024e-10 
1.345285e-07 1.812454e-07 -1.818733e-07 -3.139617e-10 -1.414322e-09 1.576215e-10 
1.222986e-07 1.644099e-07 -1.660281e-07 -8.091234e-10 -2.624717e-09 -3.101164e-11 
1.111806e-07 1.498851e-07 -1.496878e-07 9.867396e-11 7.643912e-10 3.839813e-10 
1.010732e-07 1.391005e-07 -1.377049e-07 6.978200e-10 -3.446932e-11 3.839817e-10 
9.188477e-08 1.246012e-07 -1.218874e-07 1.356881e-09 2.967917e-09 3.212142e-10 
8.353161e-08 1.120351e-07 -1.112546e-07 3.902589e-10 -9.388463e-10 7.700032e-10 
7.593782e-08 9.927569e-08 -1.054065e-07 -3.065415e-09 -5.502108e-09 -3.065415e-09 
6.903439e-08 9.518205e-08 -9.137117e-08 1.905439e-09 2.972218e-10 9.864580e-10 
6.275853e-08 7.909988e-08 -8.365173e-08 -2.275926e-09 -2.275926e-09 -1.770486e-09 
5.705321e-08 8.051511e-08 -7.516034e-08 2.677384e-09 6.569270e-09 1.565417e-09 
5.186656e-08 7.584484e-08 -6.971170e-08 3.066573e-09 1.639548e-09 2.454990e-09 
4.715141e-08 5.443947e-08 -5.858090e-08 -2.070716e-09 -5.009890e-10 -4.761678e-09 
4.286492e-08 6.668334e-08 -5.763907e-08 4.522139e-09 2.795439e-09 1.562082e-09 
3.896811e-08 4.181886e-08 -4.935091e-08 -3.766022e-09 -4.715707e-09 3.040572e-10 
3.542556e-08 4.067924e-08 -4.707166e-08 -3.196210e-09 -6.224976e-11 -8.568715e-09 
3.220505e-08 4.318641e-08 -3.955016e-08 1.818127e-09 1.818127e-09 -1.517910e-10 
2.927732e-08 3.904958e-08 -3.679227e-08 1.128656e-09 -2.663437e-09 3.295566e-09 
2.661574e-08 3.753274e-08 -4.589329e-08 -4.180273e-09 -1.399405e-09 -7.755675e-09 
2.419613e-08 2.418458e-08 -3.087660e-08 -3.346013e-09 -1.816535e-09 -7.240519e-10 
2.199648e-08 1.684309e-08 -2.353511e-08 -3.346013e-09 -8.393288e-09 -7.672248e-09 
1.999680e-08 3.905110e-08 -2.757293e-08 5.739083e-09 1.870801e-10 5.739083e-09 
1.817891e-08 1.684309e-08 -3.201454e-08 -7.585724e-09 -1.478521e-09 -9.330639e-09 
1.652628e-08 3.882902e-08 -1.491437e-08 1.195733e-08 1.419663e-08 2.360293e-09 
1.502389e-08 4.957770e-08 -9.540028e-09 2.001883e-08 1.755560e-08 1.790749e-08 
1.365809e-08 2.888649e-08 -3.628255e-09 1.262912e-08 1.533868e-08 7.984155e-09 
1.241644e-08 1.588059e-08 -1.988563e-08 -2.002518e-09 -7.963555e-09 -4.557248e-09 
1.128767e-08 -1.988563e-08 -1.988563e-08 -1.988563e-08 -2.972134e-08 -2.269583e-08 
1.026152e-08 3.720078e-09 3.720078e-09 3.720078e-09 -3.492777e-09 -2.462369e-09 
9.328656e-09 8.047791e-09 8.047791e-09 8.047791e-09 8.047791e-09 1.484848e-08 
8.480596e-09 3.661070e-08 -1.575463e-08 1.042803e-08 1.479181e-08 -4.533489e-09 
7.709633e-09 3.137417e-08 -2.622770e-08 2.573235e-09 1.217354e-08 6.687654e-09 
7.008757e-09 3.137417e-08 -3.198788e-08 -3.068581e-10 -2.142754e-08 4.219002e-09 
6.371598e-09 -5.099650e-08 1.870176e-08 -1.614737e-08 -3.938012e-08 8.744863e-09 
5.792361e-09 4.762106e-09 4.762106e-09 4.762106e-09 -8.015906e-09 -6.190476e-09 
5.265783e-09 -1.057151e-08 -1.057151e-08 -1.057151e-08 -3.165523e-08 -1.659543e-08 
4.787076e-09 4.846291e-08 -4.430546e-08 2.078724e-09 1.754012e-08 -1.780021e-08 
4.351887e-09 2.078724e-09 2.078724e-09 2.078724e-09 -6.425043e-09 2.394555e-08 
3.956261e-09 8.371489e-08 -2.853484e-08 2.759003e-08 6.500660e-08 3.536514e-09 
3.596601e-09 7.248992e-08 -5.098478e-08 1.075257e-08 3.133169e-08 -1.570630e-08 
3.269637e-09 1.075257e-08 1.075257e-08 1.075257e-08 1.075257e-08 3.015574e-08 
2.972397e-09 -9.790517e-08 5.149922e-08 -2.320298e-08 -4.810371e-08 -1.253123e-08 
2.702179e-09 8.138010e-08 8.138010e-08 8.138010e-08 1.087709e-07 1.094660e-08 
2.456527e-09 -7.923160e-10 -7.923160e-10 -7.923160e-10 4.440251e-08 -6.535636e-08 
2.233206e-09 7.151941e-08 7.151941e-08 7.151941e-08 1.709480e-07 9.992759e-08 
2.030187e-09 9.140513e-08 9.140513e-08 9.140513e-08 9.140513e-08 1.226541e-07 
1.845625e-09 -1.710864e-07 6.953084e-08 -5.077780e-08 -1.109321e-07 -1.640390e-08 
1.677841e-09 2.140738e-08 2.140738e-08 2.140738e-08 6.552055e-08 -1.640390e-08 
1.525310e-09 7.434318e-08 7.434318e-08 7.434318e-08 1.556460e-09 5.354698e-08 
1.386645e-09 -1.585743e-07 -1.585743e-07 -1.585743e-07 -1.585743e-07 -1.585743e-07 
1.260587e-09 -3.046970e-08 -3.046970e-08 -3.046970e-08 -1.112387e-09 -5.563311e-08 
1.145988e-09 -3.475287e-07 3.998785e-08 -1.537704e-07 -2.829426e-07 -1.537165e-08 
1.041807e-09 1.236199e-09 1.236199e-09 1.236199e-09 1.078032e-07 -1.510024e-07 
9.470974e-10 -8.401743e-08 -8.401743e-08 -8.401743e-08 -8.401743e-08 4.995256e-08 
8.609976e-10 3.848775e-07 -1.309069e-07 1.269853e-07 3.418955e-07 1.269853e-07 
7.827251e-10 4.880344e-07 -7.932848e-08 2.043530e-07 4.407542e-07 4.224929e-08 
7.115683e-10 4.312982e-07 -1.928011e-07 1.192485e-07 2.232651e-07 -1.448701e-08 
6.468803e-10 5.561180e-07 -1.303911e-07 2.128634e-07 2.128634e-07 6.575432e-08 
5.880730e-10 -1.303911e-07 -1.303911e-07 -1.303911e-07 -3.821112e-07 8.536887e-08 
5.346118e-10 -7.345192e-07 9.615687e-08 -3.191812e-07 -2.499582e-07 -4.378492e-07 
4.860107e-10 5.114949e-07 -4.022488e-07 5.462307e-08 2.069137e-07 1.198905e-07 
4.418279e-10 -4.022488e-07 -4.022488e-07 -4.022488e-07 -4.022488e-07 -1.150722e-07 
4.016617e-10 9.044047e-07 -2.012252e-07 3.515898e-07 1.673181e-07 4.305633e-07 
3.651470e-10 3.515898e-07 3.515898e-07 3.515898e-07 3.515898e-07 -1.696357e-07 
3.319519e-10 -1.348874e-07 -1.348874e-07 -1.348874e-07 -4.693404e-07 -2.304454e-07 
3.017744e-10 -2.686686e-07 -2.686686e-07 -2.686686e-07 -2.340302e-08 -6.891238e-07 
2.743404e-10 -1.151625e-06 -1.151625e-06 -1.151625e-06 -1.286521e-06 -1.035999e-06 
2.494003e-10 -1.803730e-07 -1.803730e-07 -1.803730e-07 -6.255300e-07 2.011901e-07 
2.267276e-10 -1.070687e-06 8.880038e-07 -9.134158e-08 -7.442385e-07 6.081908e-07 
2.061160e-10 1.279742e-06 1.279742e-06 1.279742e-06 2.536568e-06 1.433639e-06 
1.873782e-10 -1.736642e-06 -1.736642e-06 -1.736642e-06 -2.526647e-06 -1.059494e-06 
1.703438e-10 3.963724e-07 3.963724e-07 3.963724e-07 1.791210e-07 9.550190e-07 
1.548580e-10 -2.471347e-06 3.963724e-07 -1.037487e-06 -2.232370e-06 -6.278130e-07 
1.407800e-10 -1.771714e-07 -1.771714e-07 -1.771714e-07 -9.657942e-07 -4.024922e-07 
1.279818e-10 -1.771714e-07 -1.771714e-07 -1.771714e-07 1.119903e-07 -4.250243e-07 
1.163471e-10 1.210805e-06 1.210805e-06 1.210805e-06 1.846960e-06 6.655283e-07 
1.057701e-10 -2.224436e-06 -2.224436e-06 -2.224436e-06 -1.524665e-06 -2.224436e-06 
9.615463e-11 -1.251223e-07 -1.251223e-07 -1.251223e-07 1.029500e-06 -4.550145e-07 
8.741330e-11 -5.667311e-06 -5.869713e-07 -3.127141e-06 -4.397226e-06 -2.401378e-06 
7.946663e-11 3.477300e-06 3.477300e-06 3.477300e-06 6.271487e-06 1.082283e-06 
7.224240e-11 2.359625e-06 2.359625e-06 2.359625e-06 1.335090e-06 1.481453e-06 
6.567490e-11 -5.631748e-06 1.130183e-06 -2.250782e-06 -5.068254e-06 6.471882e-07 
5.970446e-11 3.158763e-06 3.158763e-06 3.158763e-06 5.638138e-06 2.096174e-06 
5.427678e-11 3.158763e-06 3.158763e-06 3.158763e-06 1.113279e-06 2.574339e-06 
4.934253e-11 7.041817e-07 7.041817e-07 7.041817e-07 -4.582926e-08 -2.510151e-06 
4.485684e-11 7.041817e-07 7.041817e-07 7.041817e-07 -1.770854e-06 2.825641e-06 
4.077895e-11 -2.858327e-07 -2.858327e-07 -2.858327e-07 2.436707e-06 -4.175175e-06 
3.707177e-11 -3.552880e-06 -3.552880e-06 -3.552880e-06 -1.556351e-06 3.292362e-06 
3.370161e-11 7.228377e-06 -5.948715e-06 6.398307e-07 2.836013e-06 -2.183832e-06 
3.063783e-11 1.513463e-05 6.398307e-07 7.887231e-06 9.095131e-06 3.745859e-06 
2.785257e-11 1.078619e-05 1.078619e-05 1.078619e-05 1.211488e-05 1.192507e-05 
2.532052e-11 -9.941374e-06 7.597335e-06 -1.172019e-06 -1.172019e-06 -4.930314e-06 
2.301865e-11 4.089593e-06 4.089593e-06 4.089593e-06 8.741633e-07 6.845676e-06 
2.092605e-11 2.338217e-05 2.160335e-06 1.277125e-05 2.161369e-05 6.707872e-06 
1.902368e-11 -1.057277e-05 -1.057277e-05 -1.057277e-05 -1.057277e-05 -1.057277e-05 
1.729426e-11 -1.524157e-05 1.043685e-05 -2.402360e-06 -6.682097e-06 -5.681867e-07 
1.572205e-11 -2.402360e-06 -2.402360e-06 -2.402360e-06 -4.756215e-06 -1.249031e-05 
1.429277e-11 1.737003e-05 1.737003e-05 1.737003e-05 1.737003e-05 2.180873e-05 
1.299343e-11 -4.379598e-06 -4.379598e-06 -4.379598e-06 4.164897e-06 -6.820883e-06 
1.181221e-11 -3.172198e-05 5.873796e-06 -1.292409e-05 -2.232304e-05 -7.553268e-06 
1.073837e-11 -3.548156e-05 5.873796e-06 -1.480388e-05 -3.203528e-05 -8.895975e-06 
9.762156e-12 2.655148e-05 2.655148e-05 2.655148e-05 2.655148e-05 7.055378e-06 
8.874687e-12 -9.841240e-06 -9.841240e-06 -9.841240e-06 -2.235124e-05 8.816136e-07 
8.067898e-12 1.017475e-05 1.017475e-05 1.017475e-05 1.934875e-05 1.803818e-05 
7.334452e-12 -2.285164e-05 -2.285164e-05 -2.285164e-05 -4.303443e-05 -2.285164e-05 
6.667684e-12 6.191610e-05 -4.687122e-06 2.861449e-05 5.636583e-05 2.861449e-05 
6.061531e-12 1.529384e-05 1.529384e-05 1.529384e-05 9.188549e-06 3.099317e-05 
5.510483e-12 1.529384e-05 1.529384e-05 1.529384e-05 -4.853630e-06 3.256311e-05 
5.009530e-12 4.752980e-05 4.752980e-05 4.752980e-05 6.230462e-05 6.019393e-05 
4.554118e-12 1.207025e-05 1.207025e-05 1.207025e-05 2.019640e-05 5.104979e-06 
4.140107e-12 -7.569215e-05 3.157300e-05 -2.205957e-05 -6.675338e-05 2.391121e-05 
3.763734e-12 -1.078717e-04 1.011997e-05 -4.887586e-05 -9.803905e-05 1.691997e-06 
3.421576e-12 -7.247419e-05 5.731664e-05 -7.578777e-06 -7.578777e-06 1.691997e-06 
3.110524e-12 5.731664e-05 5.731664e-05 5.731664e-05 8.111162e-05 -3.870468e-06 
2.827749e-12 4.303965e-05 4.303965e-05 4.303965e-05 9.538861e-05 2.060437e-05 
2.570681e-12 -3.548381e-05 -3.548381e-05 -3.548381e-05 -4.987977e-05 1.534393e-06 
2.336983e-12 5.089199e-05 5.089199e-05 5.089199e-05 1.142342e-04 -3.054805e-05 
2.124530e-12 -6.312406e-05 -6.312406e-05 -6.312406e-05 -6.312406e-05 -6.312406e-05 
1.931391e-12 -2.131817e-05 -2.131817e-05 -2.131817e-05 -7.880127e-05 -3.774192e-05 
1.755810e-12 -9.029789e-05 -9.029789e-05 -9.029789e-05 -1.324522e-04 -1.625623e-04 
1.596191e-12 1.879203e-04 -9.029789e-05 4.881120e-05 2.562635e-05 -3.067971e-05 
1.451082e-12 -3.465425e-05 -3.465425e-05 -3.465425e-05 -1.111642e-04 3.092575e-05 
1.319166e-12 1.183657e-04 1.183657e-04 1.183657e-04 1.183657e-04 -2.591025e-05 
1.199242e-12 1.520301e-04 1.520301e-04 1.520301e-04 2.754663e-04 9.912894e-05 
1.090220e-12 -1.071857e-04 -1.071857e-04 -1.071857e-04 -3.108553e-04 9.196906e-06 
