1.100000e-01 8.960318e-01 8.960318e-01 2.220446e-16 
2.200000e-01 8.039141e-01 8.039141e-01 1.110223e-16 
4.400000e-01 6.525200e-01 6.525200e-01 1.110223e-16 
8.800000e-01 4.520661e-01 4.520661e-01 -1.110223e-16 
1.760000e+00 2.642529e-01 2.642529e-01 1.665335e-16 
3.520000e+00 1.392895e-01 1.392895e-01 1.110223e-16 
7.040000e+00 7.066804e-02 7.066804e-02 -4.163336e-17 
1.408000e+01 3.546669e-02 3.546669e-02 9.020562e-17 
2.816000e+01 1.775009e-02 1.775009e-02 1.734723e-17 
5.632000e+01 8.877141e-03 8.877141e-03 -1.960238e-16 
1.126400e+02 4.438833e-03 4.438833e-03 -8.463716e-15 
2.252800e+02 2.219449e-03 2.219449e-03 -9.634221e-15 
4.505600e+02 1.109729e-03 1.109729e-03 -9.515826e-15 
9.011200e+02 5.548649e-04 5.548649e-04 9.461290e-15 
1.802240e+03 2.774325e-04 2.774325e-04 6.320351e-14 
3.604480e+03 1.387163e-04 1.387163e-04 -1.793715e-14 
7.208960e+03 6.935813e-05 6.935813e-05 -3.277999e-13 
1.441792e+04 3.467907e-05 3.467907e-05 -2.890190e-13 
2.883584e+04 1.733953e-05 1.733953e-05 -1.979139e-12 
5.767168e+04 8.669762e-06 8.669767e-06 -4.629503e-12 
1.153434e+05 4.334885e-06 4.334883e-06 1.322983e-12 
2.306867e+05 2.167450e-06 2.167442e-06 7.937418e-12 
4.613734e+05 1.083710e-06 1.083721e-06 -1.058321e-11 
9.227469e+05 5.417969e-07 5.418604e-07 -6.349927e-11 
1.845494e+06 2.707820e-07 2.709302e-07 -1.481650e-10 
3.690988e+06 1.355074e-07 1.354651e-07 4.233284e-11 
7.381975e+06 6.798655e-08 6.773255e-08 2.539971e-10 
1.476395e+07 3.352761e-08 3.386628e-08 -3.386628e-10 
2.952790e+07 1.490116e-08 1.693314e-08 -2.031977e-09 
5.905580e+07 7.450581e-09 8.466569e-09 -1.015988e-09 
1.181116e+08 0.000000e+00 4.233284e-09 -4.233284e-09 
2.362232e+08 0.000000e+00 2.116642e-09 -2.116642e-09 
4.724464e+08 0.000000e+00 1.058321e-09 -1.058321e-09 
9.448928e+08 0.000000e+00 5.291606e-10 -5.291606e-10 
