0 3.818100e-01 3.818100e-01 0.000000e+00 
1 9.205214e-01 9.205214e-01 0.000000e+00 
2 2.853307e-01 2.853308e-01 -5.960464e-08 
3 7.952766e-01 7.952768e-01 -1.192093e-07 
4 6.349657e-01 6.349654e-01 2.384186e-07 
5 9.039587e-01 9.039588e-01 -1.192093e-07 
6 3.385878e-01 3.385875e-01 2.980232e-07 
7 8.733898e-01 8.733894e-01 4.172325e-07 
8 4.312621e-01 4.312632e-01 -1.102686e-06 
9 9.565728e-01 9.565736e-01 -7.748604e-07 
10 1.620109e-01 1.620080e-01 2.831221e-06 
11 5.294771e-01 5.294696e-01 7.450581e-06 
12 9.716113e-01 9.716130e-01 -1.788139e-06 
13 1.075730e-01 1.075664e-01 6.638467e-06 
14 3.744041e-01 3.743838e-01 2.032518e-05 
15 9.134802e-01 9.134602e-01 1.996756e-05 
16 3.082332e-01 3.082974e-01 -6.419420e-05 
17 8.315794e-01 8.316755e-01 -9.608269e-05 
18 5.462149e-01 5.459664e-01 2.485514e-04 
19 9.666703e-01 9.667597e-01 -8.934736e-05 
20 1.256533e-01 1.253281e-01 3.252476e-04 
21 4.284718e-01 4.275217e-01 9.500980e-04 
22 9.550464e-01 9.545129e-01 5.335212e-04 
23 1.674378e-01 1.693306e-01 -1.892835e-03 
24 5.436692e-01 5.485653e-01 -4.896104e-03 
25 9.675627e-01 9.658015e-01 1.761258e-03 
26 1.224018e-01 1.288130e-01 -6.411180e-03 
27 4.189366e-01 4.376589e-01 -1.872233e-02 
28 9.493721e-01 9.598430e-01 -1.047093e-02 
29 1.874526e-01 1.503232e-01 3.712940e-02 
30 5.940250e-01 4.981318e-01 9.589314e-02 
31 9.405213e-01 9.749864e-01 -3.446513e-02 
32 2.181698e-01 9.511280e-02 1.230570e-01 
33 6.652299e-01 3.356588e-01 3.295711e-01 
34 8.685265e-01 8.696687e-01 -1.142204e-03 
35 4.453342e-01 4.420459e-01 3.288269e-03 
36 9.633455e-01 9.619011e-01 1.444340e-03 
37 1.377128e-01 1.429245e-01 -5.211726e-03 
38 4.631172e-01 4.777388e-01 -1.462162e-02 
39 9.696947e-01 9.730673e-01 -3.372550e-03 
40 1.146087e-01 1.022084e-01 1.240037e-02 
41 3.957470e-01 3.578711e-01 3.787586e-02 
42 9.326122e-01 8.962176e-01 3.639460e-02 
43 2.451021e-01 3.627453e-01 -1.176431e-01 
44 7.216056e-01 9.015284e-01 -1.799228e-01 
45 7.834747e-01 3.462222e-01 4.372526e-01 
46 6.616041e-01 8.827743e-01 -2.211702e-01 
47 8.731480e-01 4.035871e-01 4.695609e-01 
48 4.319662e-01 9.387478e-01 -5.067816e-01 
49 9.569485e-01 2.242517e-01 7.326968e-01 
50 1.606724e-01 6.784553e-01 -5.177829e-01 
51 5.259414e-01 8.507994e-01 -3.248580e-01 
52 9.723755e-01 4.950650e-01 4.773105e-01 
53 1.047596e-01 9.749051e-01 -8.701455e-01 
54 3.657616e-01 9.541416e-02 2.703474e-01 
55 9.047222e-01 3.366102e-01 5.681120e-01 
56 3.361799e-01 8.708847e-01 -5.347048e-01 
57 8.703356e-01 4.385338e-01 4.318019e-01 
58 4.401209e-01 9.602655e-01 -5.201446e-01 
59 9.610165e-01 1.488073e-01 8.122092e-01 
60 1.461089e-01 4.939884e-01 -3.478795e-01 
61 4.865682e-01 9.748591e-01 -4.882910e-01 
62 9.742964e-01 9.558439e-02 8.787120e-01 
63 9.766744e-02 3.371473e-01 -2.394798e-01 
64 3.437012e-01 8.715681e-01 -5.278668e-01 
65 8.797257e-01 4.365549e-01 4.431708e-01 
66 4.126528e-01 9.593015e-01 -5.466487e-01 
67 9.452448e-01 1.522644e-01 7.929805e-01 
68 2.018524e-01 5.034117e-01 -3.015593e-01 
69 6.283212e-01 9.749545e-01 -3.466333e-01 
70 9.107813e-01 9.523082e-02 8.155504e-01 
71 3.169091e-01 3.360315e-01 -1.912233e-02 
72 8.442632e-01 8.701459e-01 -2.588272e-02 
73 5.127832e-01 4.406688e-01 7.211435e-02 
74 9.743627e-01 9.612713e-01 1.309139e-02 
75 9.742200e-02 1.451921e-01 -4.777014e-02 
76 3.429307e-01 4.840344e-01 -1.411037e-01 
77 8.787841e-01 9.740059e-01 -9.522188e-02 
78 4.154383e-01 9.874177e-02 3.166965e-01 
79 9.471123e-01 3.470682e-01 6.000441e-01 
80 1.953532e-01 8.837862e-01 -6.884329e-01 
81 6.130424e-01 4.005620e-01 2.124803e-01 
82 9.251636e-01 9.364372e-01 -1.127362e-02 
83 2.700200e-01 2.321377e-01 3.788230e-02 
84 7.687258e-01 6.951742e-01 7.355165e-02 
85 6.933671e-01 8.264375e-01 -1.330703e-01 
86 8.291757e-01 5.594103e-01 2.697654e-01 
87 5.524091e-01 9.612348e-01 -4.088257e-01 
88 9.642878e-01 1.453235e-01 8.189643e-01 
89 1.343036e-01 4.843979e-01 -3.500943e-01 
90 4.534380e-01 9.740506e-01 -5.206127e-01 
91 9.665447e-01 9.857655e-02 8.679682e-01 
92 1.261104e-01 3.465509e-01 -2.204405e-01 
93 4.298056e-01 8.831682e-01 -4.533626e-01 
94 9.557837e-01 4.024105e-01 5.533732e-01 
95 1.648189e-01 9.378576e-01 -7.730387e-01 
96 5.368491e-01 2.272949e-01 3.095542e-01 
97 9.697043e-01 6.849646e-01 2.847397e-01 
98 1.145736e-01 8.415735e-01 -7.269999e-01 
99 3.956413e-01 5.199776e-01 -1.243363e-01 
100 9.325261e-01 9.734435e-01 -4.091746e-02 
101 2.453928e-01 1.008201e-01 1.445727e-01 
102 7.221831e-01 3.535560e-01 3.686271e-01 
103 7.824752e-01 8.913612e-01 -1.088859e-01 
104 6.638102e-01 3.776622e-01 2.861480e-01 
105 8.703483e-01 9.166304e-01 -4.628217e-02 
106 4.400844e-01 2.980344e-01 1.420500e-01 
107 9.609995e-01 8.159187e-01 1.450808e-01 
108 1.461699e-01 5.857618e-01 -4.395918e-01 
109 4.867367e-01 9.463152e-01 -4.595784e-01 
110 9.743139e-01 1.981308e-01 7.761831e-01 
111 9.760261e-02 6.196126e-01 -5.220100e-01 
112 3.434978e-01 9.192021e-01 -5.757043e-01 
113 8.794774e-01 2.896514e-01 5.898260e-01 
114 4.133878e-01 8.024385e-01 -3.890507e-01 
115 9.457436e-01 6.182706e-01 3.274729e-01 
116 2.001195e-01 9.204471e-01 -7.203277e-01 
117 6.242795e-01 2.855747e-01 3.387048e-01 
118 9.147630e-01 7.956850e-01 1.190780e-01 
119 3.040895e-01 6.340244e-01 -3.299348e-01 
120 8.253145e-01 9.049461e-01 -7.963163e-02 
121 5.622650e-01 3.354728e-01 2.267922e-01 
122 9.598800e-01 8.694302e-01 9.044981e-02 
123 1.501905e-01 4.427333e-01 -2.925428e-01 
124 4.977700e-01 9.622101e-01 -4.644401e-01 
125 9.749807e-01 1.418111e-01 8.331695e-01 
126 9.513418e-02 4.746329e-01 -3.794987e-01 
127 3.357263e-01 9.724904e-01 -6.367640e-01 
128 8.697553e-01 1.043360e-01 7.654192e-01 
129 4.417961e-01 3.644551e-01 7.734102e-02 
130 9.617881e-01 9.033475e-01 5.844057e-02 
131 1.433320e-01 3.405120e-01 -1.971801e-01 
132 4.788729e-01 8.757980e-01 -3.969251e-01 
133 9.732592e-01 4.242258e-01 5.490334e-01 
134 1.015003e-01 9.526073e-01 -8.511069e-01 
135 3.556722e-01 1.760719e-01 1.796003e-01 
136 8.937610e-01 5.657753e-01 3.279857e-01 
137 3.703139e-01 9.581271e-01 -5.878132e-01 
138 9.094079e-01 1.564662e-01 7.529417e-01 
139 3.213021e-01 5.147398e-01 -1.934376e-01 
140 8.504615e-01 9.741528e-01 -1.236913e-01 
141 4.959892e-01 9.819865e-02 3.977905e-01 
142 9.749373e-01 3.453671e-01 6.295701e-01 
143 9.529494e-02 8.817458e-01 -7.864509e-01 
144 3.362339e-01 4.066536e-01 -7.041976e-02 
145 8.704047e-01 9.410173e-01 -7.061261e-02 
146 4.399215e-01 2.164648e-01 2.234568e-01 
147 9.609233e-01 6.614703e-01 2.994530e-01 
148 1.464438e-01 8.733168e-01 -7.268729e-01 
149 4.874923e-01 4.314749e-01 5.601740e-02 
